0 0 0 -3.46574 -1.#INF
1 0.03125 3.53666e-005 -3.46574 -10.2497
2 0.0625 7.22401e-005 -3.46574 -9.53552
3 0.09375 0.000110641 -3.46574 -9.10922
4 0.125 0.000150587 -3.46574 -8.80097
5 0.15625 0.000192095 -3.46574 -8.55752
6 0.1875 0.000235178 -3.46574 -8.35517
7 0.21875 0.000279849 -3.46574 -8.18126
8 0.25 0.000326116 -3.46574 -8.02826
9 0.28125 0.000373987 -3.46574 -7.89129
10 0.3125 0.000423463 -3.46574 -7.76704
11 0.34375 0.000474546 -3.46574 -7.65315
12 0.375 0.000527232 -3.46574 -7.54787
13 0.40625 0.000581515 -3.46574 -7.44987
14 0.4375 0.000637385 -3.46574 -7.35814
15 0.46875 0.000694828 -3.46574 -7.27185
16 0.5 0.000753826 -3.46574 -7.19035
17 0.53125 0.000814356 -3.46574 -7.11311
18 0.5625 0.000876393 -3.46574 -7.0397
19 0.59375 0.000939905 -3.46574 -6.96973
20 0.625 0.00100486 -3.46574 -6.90291
21 0.65625 0.00107121 -3.46574 -6.83897
22 0.6875 0.00113891 -3.46574 -6.77768
23 0.71875 0.00120792 -3.46574 -6.71886
24 0.75 0.00127818 -3.46574 -6.66232
25 0.78125 0.00134962 -3.46574 -6.60793
26 0.8125 0.00142219 -3.46574 -6.55556
27 0.84375 0.0014958 -3.46574 -6.50509
28 0.875 0.00157039 -3.46574 -6.45643
29 0.90625 0.00164587 -3.46574 -6.40949
30 0.9375 0.00172215 -3.46574 -6.36418
31 0.96875 0.00179914 -3.46574 -6.32044
32 1 0.00187675 -3.46574 -6.27821
33 1.03125 0.00195487 -3.46574 -6.23743
34 1.0625 0.00203338 -3.46574 -6.19805
35 1.09375 0.00211219 -3.46574 -6.16003
36 1.125 0.00219116 -3.46574 -6.12332
37 1.15625 0.00227018 -3.46574 -6.0879
38 1.1875 0.00234912 -3.46574 -6.05372
39 1.21875 0.00242784 -3.46574 -6.02075
40 1.25 0.00250622 -3.46574 -5.98898
41 1.28125 0.00258412 -3.46574 -5.95837
42 1.3125 0.00266139 -3.46574 -5.92891
43 1.34375 0.00273789 -3.46574 -5.90057
44 1.375 0.00281347 -3.46574 -5.87334
45 1.40625 0.00288798 -3.46574 -5.8472
46 1.4375 0.00296128 -3.46574 -5.82213
47 1.46875 0.00303321 -3.46574 -5.79813
48 1.5 0.00310362 -3.46574 -5.77519
49 1.53125 0.00317236 -3.46574 -5.75328
50 1.5625 0.00323929 -3.46574 -5.7324
51 1.59375 0.00330424 -3.46574 -5.71255
52 1.625 0.00336708 -3.46574 -5.69371
53 1.65625 0.00342765 -3.46574 -5.67588
54 1.6875 0.00348582 -3.46574 -5.65905
55 1.71875 0.00354145 -3.46574 -5.64322
56 1.75 0.00359439 -3.46574 -5.62838
57 1.78125 0.00364453 -3.46574 -5.61453
58 1.8125 0.00369174 -3.46574 -5.60166
59 1.84375 0.0037359 -3.46574 -5.58977
60 1.875 0.00377689 -3.46574 -5.57885
61 1.90625 0.00381462 -3.46574 -5.56891
62 1.9375 0.00384898 -3.46574 -5.55995
63 1.96875 0.00387988 -3.46574 -5.55195
64 2 0.00390724 -3.46574 -5.54492
65 2.03125 0.00393099 -3.46574 -5.53886
66 2.0625 0.00395106 -3.46574 -5.53377
67 2.09375 0.0039674 -3.46574 -5.52964
68 2.125 0.00397996 -3.46574 -5.52648
69 2.15625 0.00398871 -3.46574 -5.52429
70 2.1875 0.00399363 -3.46574 -5.52305
71 2.21875 0.00399469 -3.46574 -5.52279
72 2.25 0.0039919 -3.46574 -5.52349
73 2.28125 0.00398525 -3.46574 -5.52515
74 2.3125 0.00397477 -3.46574 -5.52779
75 2.34375 0.00396049 -3.46574 -5.53139
76 2.375 0.00394242 -3.46574 -5.53596
77 2.40625 0.00392064 -3.46574 -5.5415
78 2.4375 0.00389518 -3.46574 -5.54802
79 2.46875 0.00386611 -3.46574 -5.55551
80 2.5 0.00383352 -3.46574 -5.56397
81 2.53125 0.00379748 -3.46574 -5.57342
82 2.5625 0.00375808 -3.46574 -5.58385
83 2.59375 0.00371543 -3.46574 -5.59526
84 2.625 0.00366962 -3.46574 -5.60767
85 2.65625 0.00362078 -3.46574 -5.62106
86 2.6875 0.00356903 -3.46574 -5.63546
87 2.71875 0.00351449 -3.46574 -5.65086
88 2.75 0.00345729 -3.46574 -5.66727
89 2.78125 0.00339757 -3.46574 -5.6847
90 2.8125 0.00333547 -3.46574 -5.70314
91 2.84375 0.00327113 -3.46574 -5.72262
92 2.875 0.00320471 -3.46574 -5.74313
93 2.90625 0.00313634 -3.46574 -5.7647
94 2.9375 0.00306619 -3.46574 -5.78732
95 2.96875 0.00299441 -3.46574 -5.81101
96 3 0.00292114 -3.46574 -5.83578
97 3.03125 0.00284655 -3.46574 -5.86165
98 3.0625 0.00277078 -3.46574 -5.88863
99 3.09375 0.00269399 -3.46574 -5.91673
100 3.125 0.00261632 -3.46574 -5.94599
101 3.15625 0.00253793 -3.46574 -5.97641
102 3.1875 0.00245897 -3.46574 -6.00801
103 3.21875 0.00237957 -3.46574 -6.04084
104 3.25 0.00229987 -3.46574 -6.0749
105 3.28125 0.00222002 -3.46574 -6.11024
106 3.3125 0.00214014 -3.46574 -6.14689
107 3.34375 0.00206036 -3.46574 -6.18487
108 3.375 0.00198081 -3.46574 -6.22425
109 3.40625 0.00190161 -3.46574 -6.26506
110 3.4375 0.00182286 -3.46574 -6.30735
111 3.46875 0.00174469 -3.46574 -6.35118
112 3.5 0.00166719 -3.46574 -6.39662
113 3.53125 0.00159046 -3.46574 -6.44373
114 3.5625 0.0015146 -3.46574 -6.49261
115 3.59375 0.00143968 -3.46574 -6.54333
116 3.625 0.00136581 -3.46574 -6.59601
117 3.65625 0.00129304 -3.46574 -6.65076
118 3.6875 0.00122146 -3.46574 -6.70771
119 3.71875 0.00115112 -3.46574 -6.76702
120 3.75 0.0010821 -3.46574 -6.82885
121 3.78125 0.00101443 -3.46574 -6.89343
122 3.8125 0.00094818 -3.46574 -6.96097
123 3.84375 0.000883384 -3.46574 -7.03175
124 3.875 0.000820083 -3.46574 -7.1061
125 3.90625 0.000758312 -3.46574 -7.18442
126 3.9375 0.0006981 -3.46574 -7.26715
127 3.96875 0.000639473 -3.46574 -7.35487
128 4 0.00058245 -3.46574 -7.44827
129 4.03125 0.000527049 -3.46574 -7.54822
130 4.0625 0.000473281 -3.46574 -7.65582
131 4.09375 0.000421155 -3.46574 -7.77251
132 4.125 0.000370675 -3.46574 -7.90018
133 4.15625 0.000321843 -3.46574 -8.04145
134 4.1875 0.000274656 -3.46574 -8.19999
135 4.21875 0.000229108 -3.46574 -8.38132
136 4.25 0.000185192 -3.46574 -8.59412
137 4.28125 0.000142896 -3.46574 -8.85339
138 4.3125 0.000102206 -3.46574 -9.18852
139 4.34375 6.31073e-005 -3.46574 -9.67067
140 4.375 2.55803e-005 -3.46574 -10.5737
141 4.40625 1.0395e-005 -3.46574 -11.4742
142 4.4375 4.48409e-005 -3.46574 -10.0124
143 4.46875 7.77813e-005 -3.46574 -9.46161
144 4.5 0.000109242 -3.46574 -9.12195
145 4.53125 0.000139249 -3.46574 -8.87925
146 4.5625 0.000167832 -3.46574 -8.69255
147 4.59375 0.000195019 -3.46574 -8.54242
148 4.625 0.00022084 -3.46574 -8.41807
149 4.65625 0.000245328 -3.46574 -8.31292
150 4.6875 0.000268512 -3.46574 -8.22261
151 4.71875 0.000290427 -3.46574 -8.14416
152 4.75 0.000311105 -3.46574 -8.07538
153 4.78125 0.000330578 -3.46574 -8.01467
154 4.8125 0.000348881 -3.46574 -7.96078
155 4.84375 0.000366047 -3.46574 -7.91275
156 4.875 0.00038211 -3.46574 -7.8698
157 4.90625 0.000397104 -3.46574 -7.83131
158 4.9375 0.000411063 -3.46574 -7.79676
159 4.96875 0.00042402 -3.46574 -7.76573
160 5 0.000436008 -3.46574 -7.73785
161 5.03125 0.000447062 -3.46574 -7.71281
162 5.0625 0.000457213 -3.46574 -7.69036
163 5.09375 0.000466494 -3.46574 -7.67027
164 5.125 0.000474937 -3.46574 -7.65233
165 5.15625 0.000482574 -3.46574 -7.63638
166 5.1875 0.000489436 -3.46574 -7.62226
167 5.21875 0.000495553 -3.46574 -7.60984
168 5.25 0.000500957 -3.46574 -7.59899
169 5.28125 0.000505675 -3.46574 -7.58962
170 5.3125 0.000509737 -3.46574 -7.58161
171 5.34375 0.000513172 -3.46574 -7.5749
172 5.375 0.000516006 -3.46574 -7.56939
173 5.40625 0.000518268 -3.46574 -7.56502
174 5.4375 0.000519982 -3.46574 -7.56172
175 5.46875 0.000521175 -3.46574 -7.55942
176 5.5 0.000521872 -3.46574 -7.55809
177 5.53125 0.000522097 -3.46574 -7.55766
178 5.5625 0.000521873 -3.46574 -7.55809
179 5.59375 0.000521224 -3.46574 -7.55933
180 5.625 0.000520172 -3.46574 -7.56135
181 5.65625 0.000518738 -3.46574 -7.56411
182 5.6875 0.000516943 -3.46574 -7.56758
183 5.71875 0.000514807 -3.46574 -7.57172
184 5.75 0.00051235 -3.46574 -7.5765
185 5.78125 0.00050959 -3.46574 -7.5819
186 5.8125 0.000506546 -3.46574 -7.5879
187 5.84375 0.000503236 -3.46574 -7.59445
188 5.875 0.000499676 -3.46574 -7.60155
189 5.90625 0.000495882 -3.46574 -7.60917
190 5.9375 0.000491871 -3.46574 -7.61729
191 5.96875 0.000487657 -3.46574 -7.6259
192 6 0.000483255 -3.46574 -7.63497
193 6.03125 0.000478679 -3.46574 -7.64448
194 6.0625 0.000473942 -3.46574 -7.65443
195 6.09375 0.000469057 -3.46574 -7.66479
196 6.125 0.000464037 -3.46574 -7.67555
197 6.15625 0.000458892 -3.46574 -7.6867
198 6.1875 0.000453635 -3.46574 -7.69822
199 6.21875 0.000448277 -3.46574 -7.7101
200 6.25 0.000442826 -3.46574 -7.72233
201 6.28125 0.000437294 -3.46574 -7.7349
202 6.3125 0.00043169 -3.46574 -7.7478
203 6.34375 0.000426023 -3.46574 -7.76102
204 6.375 0.000420301 -3.46574 -7.77454
205 6.40625 0.000414532 -3.46574 -7.78836
206 6.4375 0.000408724 -3.46574 -7.80247
207 6.46875 0.000402885 -3.46574 -7.81686
208 6.5 0.000397021 -3.46574 -7.83152
209 6.53125 0.000391139 -3.46574 -7.84645
210 6.5625 0.000385246 -3.46574 -7.86163
211 6.59375 0.000379346 -3.46574 -7.87706
212 6.625 0.000373447 -3.46574 -7.89274
213 6.65625 0.000367552 -3.46574 -7.90865
214 6.6875 0.000361668 -3.46574 -7.92478
215 6.71875 0.000355798 -3.46574 -7.94115
216 6.75 0.000349948 -3.46574 -7.95773
217 6.78125 0.000344121 -3.46574 -7.97452
218 6.8125 0.000338321 -3.46574 -7.99151
219 6.84375 0.000332553 -3.46574 -8.00871
220 6.875 0.000326819 -3.46574 -8.0261
221 6.90625 0.000321122 -3.46574 -8.04369
222 6.9375 0.000315467 -3.46574 -8.06146
223 6.96875 0.000309855 -3.46574 -8.07941
224 7 0.000304288 -3.46574 -8.09753
225 7.03125 0.000298771 -3.46574 -8.11583
226 7.0625 0.000293304 -3.46574 -8.1343
227 7.09375 0.000287889 -3.46574 -8.15294
228 7.125 0.000282529 -3.46574 -8.17173
229 7.15625 0.000277226 -3.46574 -8.19068
230 7.1875 0.00027198 -3.46574 -8.20978
231 7.21875 0.000266794 -3.46574 -8.22903
232 7.25 0.000261669 -3.46574 -8.24843
233 7.28125 0.000256605 -3.46574 -8.26797
234 7.3125 0.000251604 -3.46574 -8.28766
235 7.34375 0.000246666 -3.46574 -8.30747
236 7.375 0.000241794 -3.46574 -8.32743
237 7.40625 0.000236986 -3.46574 -8.34751
238 7.4375 0.000232244 -3.46574 -8.36772
239 7.46875 0.000227569 -3.46574 -8.38806
240 7.5 0.00022296 -3.46574 -8.40852
241 7.53125 0.000218419 -3.46574 -8.4291
242 7.5625 0.000213945 -3.46574 -8.44979
243 7.59375 0.000209538 -3.46574 -8.4706
244 7.625 0.000205199 -3.46574 -8.49153
245 7.65625 0.000200928 -3.46574 -8.51257
246 7.6875 0.000196724 -3.46574 -8.53371
247 7.71875 0.000192587 -3.46574 -8.55496
248 7.75 0.000188518 -3.46574 -8.57632
249 7.78125 0.000184516 -3.46574 -8.59777
250 7.8125 0.000180581 -3.46574 -8.61933
251 7.84375 0.000176713 -3.46574 -8.64099
252 7.875 0.00017291 -3.46574 -8.66274
253 7.90625 0.000169174 -3.46574 -8.68458
254 7.9375 0.000165503 -3.46574 -8.70652
255 7.96875 0.000161896 -3.46574 -8.72855
256 8 0.000158354 -3.46574 -8.75067
257 8.03125 0.000154877 -3.46574 -8.77288
258 8.0625 0.000151462 -3.46574 -8.79518
259 8.09375 0.00014811 -3.46574 -8.81755
260 8.125 0.00014482 -3.46574 -8.84002
261 8.15625 0.000141592 -3.46574 -8.86256
262 8.1875 0.000138425 -3.46574 -8.88518
263 8.21875 0.000135318 -3.46574 -8.90789
264 8.25 0.00013227 -3.46574 -8.93067
265 8.28125 0.000129281 -3.46574 -8.95352
266 8.3125 0.00012635 -3.46574 -8.97645
267 8.34375 0.000123477 -3.46574 -8.99946
268 8.375 0.00012066 -3.46574 -9.02253
269 8.40625 0.000117899 -3.46574 -9.04568
270 8.4375 0.000115193 -3.46574 -9.0689
271 8.46875 0.000112542 -3.46574 -9.09219
272 8.5 0.000109944 -3.46574 -9.11554
273 8.53125 0.000107399 -3.46574 -9.13896
274 8.5625 0.000104906 -3.46574 -9.16245
275 8.59375 0.000102464 -3.46574 -9.186
276 8.625 0.000100073 -3.46574 -9.20961
277 8.65625 9.77314e-005 -3.46574 -9.23329
278 8.6875 9.54388e-005 -3.46574 -9.25703
279 8.71875 9.31943e-005 -3.46574 -9.28082
280 8.75 9.09972e-005 -3.46574 -9.30468
281 8.78125 8.88466e-005 -3.46574 -9.3286
282 8.8125 8.67419e-005 -3.46574 -9.35257
283 8.84375 8.46822e-005 -3.46574 -9.3766
284 8.875 8.26668e-005 -3.46574 -9.40069
285 8.90625 8.06949e-005 -3.46574 -9.42483
286 8.9375 7.87658e-005 -3.46574 -9.44903
287 8.96875 7.68787e-005 -3.46574 -9.47328
288 9 7.50328e-005 -3.46574 -9.49759
289 9.03125 7.32274e-005 -3.46574 -9.52194
290 9.0625 7.14618e-005 -3.46574 -9.54635
291 9.09375 6.97352e-005 -3.46574 -9.5708
292 9.125 6.8047e-005 -3.46574 -9.59531
293 9.15625 6.63964e-005 -3.46574 -9.61987
294 9.1875 6.47826e-005 -3.46574 -9.64447
295 9.21875 6.32051e-005 -3.46574 -9.66913
296 9.25 6.16631e-005 -3.46574 -9.69382
297 9.28125 6.01559e-005 -3.46574 -9.71857
298 9.3125 5.86829e-005 -3.46574 -9.74336
299 9.34375 5.72433e-005 -3.46574 -9.7682
300 9.375 5.58366e-005 -3.46574 -9.79308
301 9.40625 5.4462e-005 -3.46574 -9.81801
302 9.4375 5.3119e-005 -3.46574 -9.84298
303 9.46875 5.18069e-005 -3.46574 -9.86799
304 9.5 5.0525e-005 -3.46574 -9.89304
305 9.53125 4.92728e-005 -3.46574 -9.91814
306 9.5625 4.80497e-005 -3.46574 -9.94327
307 9.59375 4.6855e-005 -3.46574 -9.96845
308 9.625 4.56882e-005 -3.46574 -9.99367
309 9.65625 4.45487e-005 -3.46574 -10.0189
310 9.6875 4.34359e-005 -3.46574 -10.0442
311 9.71875 4.23493e-005 -3.46574 -10.0696
312 9.75 4.12883e-005 -3.46574 -10.0949
313 9.78125 4.02523e-005 -3.46574 -10.1203
314 9.8125 3.92409e-005 -3.46574 -10.1458
315 9.84375 3.82535e-005 -3.46574 -10.1713
316 9.875 3.72896e-005 -3.46574 -10.1968
317 9.90625 3.63486e-005 -3.46574 -10.2224
318 9.9375 3.54302e-005 -3.46574 -10.2479
319 9.96875 3.45337e-005 -3.46574 -10.2736
320 10 3.36588e-005 -3.46574 -10.2992
