0 0 0 -2.77259 -1.#INF
1 0.0625 0.000142305 -2.77259 -8.85754
2 0.125 0.000296628 -2.77259 -8.12303
3 0.1875 0.00046325 -2.77259 -7.67724
4 0.25 0.000642386 -2.77259 -7.35032
5 0.3125 0.00083417 -2.77259 -7.08907
6 0.375 0.00103865 -2.77259 -6.86983
7 0.4375 0.00125577 -2.77259 -6.68001
8 0.5 0.00148536 -2.77259 -6.5121
9 0.5625 0.00172713 -2.77259 -6.36129
10 0.625 0.00198066 -2.77259 -6.22432
11 0.6875 0.00224538 -2.77259 -6.09888
12 0.75 0.00252058 -2.77259 -5.98327
13 0.8125 0.00280535 -2.77259 -5.87623
14 0.875 0.00309868 -2.77259 -5.77678
15 0.9375 0.00339933 -2.77259 -5.68418
16 1 0.00370592 -2.77259 -5.59782
17 1.0625 0.0040169 -2.77259 -5.51724
18 1.125 0.00433056 -2.77259 -5.44206
19 1.1875 0.00464503 -2.77259 -5.37196
20 1.25 0.00495829 -2.77259 -5.30669
21 1.3125 0.00526822 -2.77259 -5.24606
22 1.375 0.00557256 -2.77259 -5.1899
23 1.4375 0.00586901 -2.77259 -5.13807
24 1.5 0.00615518 -2.77259 -5.09046
25 1.5625 0.00642867 -2.77259 -5.04699
26 1.625 0.00668709 -2.77259 -5.00758
27 1.6875 0.00692809 -2.77259 -4.97217
28 1.75 0.00714941 -2.77259 -4.94073
29 1.8125 0.0073489 -2.77259 -4.91321
30 1.875 0.00752456 -2.77259 -4.88958
31 1.9375 0.0076746 -2.77259 -4.86984
32 2 0.00779744 -2.77259 -4.85396
33 2.0625 0.00789175 -2.77259 -4.84194
34 2.125 0.0079565 -2.77259 -4.83377
35 2.1875 0.00799094 -2.77259 -4.82945
36 2.25 0.00799465 -2.77259 -4.82898
37 2.3125 0.00796753 -2.77259 -4.83238
38 2.375 0.00790981 -2.77259 -4.83965
39 2.4375 0.00782204 -2.77259 -4.85081
40 2.5 0.00770511 -2.77259 -4.86587
41 2.5625 0.00756018 -2.77259 -4.88486
42 2.625 0.00738869 -2.77259 -4.9078
43 2.6875 0.00719235 -2.77259 -4.93474
44 2.75 0.00697307 -2.77259 -4.9657
45 2.8125 0.00673296 -2.77259 -5.00074
46 2.875 0.00647426 -2.77259 -5.03992
47 2.9375 0.00619934 -2.77259 -5.08331
48 3 0.00591061 -2.77259 -5.13101
49 3.0625 0.00561056 -2.77259 -5.1831
50 3.125 0.00530164 -2.77259 -5.23974
51 3.1875 0.00498628 -2.77259 -5.30107
52 3.25 0.00466683 -2.77259 -5.36728
53 3.3125 0.00434556 -2.77259 -5.4386
54 3.375 0.00402461 -2.77259 -5.51533
55 3.4375 0.00370599 -2.77259 -5.5978
56 3.5 0.00339156 -2.77259 -5.68647
57 3.5625 0.00308298 -2.77259 -5.78186
58 3.625 0.00278179 -2.77259 -5.88466
59 3.6875 0.0024893 -2.77259 -5.99576
60 3.75 0.00220666 -2.77259 -6.11627
61 3.8125 0.00193486 -2.77259 -6.24772
62 3.875 0.0016747 -2.77259 -6.39212
63 3.9375 0.0014268 -2.77259 -6.55232
64 4 0.00119165 -2.77259 -6.73241
65 4.0625 0.000969584 -2.77259 -6.93864
66 4.125 0.000760789 -2.77259 -7.18115
67 4.1875 0.00056534 -2.77259 -7.47808
68 4.25 0.000383195 -2.77259 -7.86697
69 4.3125 0.000214215 -2.77259 -8.44853
70 4.375 5.81724e-005 -2.77259 -9.7521
71 4.4375 8.52351e-005 -2.77259 -9.3701
72 4.5 0.000216374 -2.77259 -8.4385
73 4.5625 0.000335663 -2.77259 -7.9994
74 4.625 0.000443565 -2.77259 -7.72067
75 4.6875 0.000540574 -2.77259 -7.52288
76 4.75 0.000627212 -2.77259 -7.37423
77 4.8125 0.000704016 -2.77259 -7.25871
78 4.875 0.000771534 -2.77259 -7.16713
79 4.9375 0.000830318 -2.77259 -7.0937
80 5 0.000880919 -2.77259 -7.03455
81 5.0625 0.00092388 -2.77259 -6.98693
82 5.125 0.000959738 -2.77259 -6.94885
83 5.1875 0.000989015 -2.77259 -6.9188
84 5.25 0.00101222 -2.77259 -6.89561
85 5.3125 0.00102983 -2.77259 -6.87836
86 5.375 0.00104233 -2.77259 -6.8663
87 5.4375 0.00105015 -2.77259 -6.85882
88 5.5 0.00105373 -2.77259 -6.85542
89 5.5625 0.00105347 -2.77259 -6.85566
90 5.625 0.00104975 -2.77259 -6.8592
91 5.6875 0.00104293 -2.77259 -6.86572
92 5.75 0.00103335 -2.77259 -6.87495
93 5.8125 0.00102131 -2.77259 -6.88667
94 5.875 0.00100712 -2.77259 -6.90066
95 5.9375 0.000991038 -2.77259 -6.91676
96 6 0.000973326 -2.77259 -6.93479
97 6.0625 0.000954212 -2.77259 -6.95462
98 6.125 0.000933912 -2.77259 -6.97613
99 6.1875 0.000912621 -2.77259 -6.99919
100 6.25 0.00089052 -2.77259 -7.0237
101 6.3125 0.000867773 -2.77259 -7.04958
102 6.375 0.000844529 -2.77259 -7.07673
103 6.4375 0.000820923 -2.77259 -7.10508
104 6.5 0.000797078 -2.77259 -7.13456
105 6.5625 0.000773104 -2.77259 -7.1651
106 6.625 0.0007491 -2.77259 -7.19664
107 6.6875 0.000725154 -2.77259 -7.22913
108 6.75 0.000701344 -2.77259 -7.26251
109 6.8125 0.000677739 -2.77259 -7.29675
110 6.875 0.000654402 -2.77259 -7.33179
111 6.9375 0.000631384 -2.77259 -7.3676
112 7 0.000608733 -2.77259 -7.40413
113 7.0625 0.000586488 -2.77259 -7.44136
114 7.125 0.000564683 -2.77259 -7.47925
115 7.1875 0.000543346 -2.77259 -7.51776
116 7.25 0.000522502 -2.77259 -7.55688
117 7.3125 0.000502169 -2.77259 -7.59657
118 7.375 0.000482362 -2.77259 -7.63682
119 7.4375 0.000463093 -2.77259 -7.67758
120 7.5 0.00044437 -2.77259 -7.71885
121 7.5625 0.000426199 -2.77259 -7.7606
122 7.625 0.000408582 -2.77259 -7.80282
123 7.6875 0.000391519 -2.77259 -7.84548
124 7.75 0.000375009 -2.77259 -7.88856
125 7.8125 0.000359047 -2.77259 -7.93206
126 7.875 0.00034363 -2.77259 -7.97594
127 7.9375 0.00032875 -2.77259 -8.02021
128 8 0.0003144 -2.77259 -8.06485
129 8.0625 0.00030057 -2.77259 -8.10983
130 8.125 0.000287251 -2.77259 -8.15516
131 8.1875 0.000274432 -2.77259 -8.20081
132 8.25 0.000262103 -2.77259 -8.24677
133 8.3125 0.000250251 -2.77259 -8.29305
134 8.375 0.000238864 -2.77259 -8.33961
135 8.4375 0.000227931 -2.77259 -8.38647
136 8.5 0.000217438 -2.77259 -8.43359
137 8.5625 0.000207373 -2.77259 -8.48099
138 8.625 0.000197723 -2.77259 -8.52864
139 8.6875 0.000188475 -2.77259 -8.57654
140 8.75 0.000179616 -2.77259 -8.62469
141 8.8125 0.000171133 -2.77259 -8.67307
142 8.875 0.000163014 -2.77259 -8.72168
143 8.9375 0.000155245 -2.77259 -8.77051
144 9 0.000147815 -2.77259 -8.81955
145 9.0625 0.000140711 -2.77259 -8.8688
146 9.125 0.000133922 -2.77259 -8.91825
147 9.1875 0.000127435 -2.77259 -8.9679
148 9.25 0.000121239 -2.77259 -9.01774
149 9.3125 0.000115323 -2.77259 -9.06777
150 9.375 0.000109676 -2.77259 -9.11798
151 9.4375 0.000104287 -2.77259 -9.16836
152 9.5 9.91457e-005 -2.77259 -9.21892
153 9.5625 9.42422e-005 -2.77259 -9.26964
154 9.625 8.95666e-005 -2.77259 -9.32053
155 9.6875 8.51095e-005 -2.77259 -9.37157
156 9.75 8.08618e-005 -2.77259 -9.42277
157 9.8125 7.68144e-005 -2.77259 -9.47412
158 9.875 7.29589e-005 -2.77259 -9.52561
159 9.9375 6.92871e-005 -2.77259 -9.57725
160 10 6.57907e-005 -2.77259 -9.62903
