0 0 0 -2.07944 -1.#INF
1 0.125 0.000575901 -2.07944 -7.45958
2 0.25 0.00124713 -2.07944 -6.68691
3 0.375 0.00201673 -2.07944 -6.20628
4 0.5 0.00288515 -2.07944 -5.84818
5 0.625 0.00384951 -2.07944 -5.55981
6 0.75 0.00490294 -2.07944 -5.31792
7 0.875 0.00603402 -2.07944 -5.11034
8 1 0.00722627 -2.07944 -4.93003
9 1.125 0.00845801 -2.07944 -4.77264
10 1.25 0.00970245 -2.07944 -4.63538
11 1.375 0.0109282 -2.07944 -4.51641
12 1.5 0.0121002 -2.07944 -4.41453
13 1.625 0.0131813 -2.07944 -4.32896
14 1.75 0.0141339 -2.07944 -4.25918
15 1.875 0.0149222 -2.07944 -4.2049
16 2 0.0155147 -2.07944 -4.16597
17 2.125 0.015886 -2.07944 -4.14232
18 2.25 0.016019 -2.07944 -4.13398
19 2.375 0.0159064 -2.07944 -4.14104
20 2.5 0.015551 -2.07944 -4.16363
21 2.625 0.0149661 -2.07944 -4.20197
22 2.75 0.014174 -2.07944 -4.25635
23 2.875 0.0132049 -2.07944 -4.32716
24 3 0.0120947 -2.07944 -4.41499
25 3.125 0.0108822 -2.07944 -4.52063
26 3.25 0.00960711 -2.07944 -4.64525
27 3.375 0.00830782 -2.07944 -4.79056
28 3.5 0.0070193 -2.07944 -4.95909
29 3.625 0.00577189 -2.07944 -5.15476
30 3.75 0.00459042 -2.07944 -5.38378
31 3.875 0.0034939 -2.07944 -5.65674
32 4 0.00249556 -2.07944 -5.99324
33 4.125 0.00160329 -2.07944 -6.4357
34 4.25 0.000820274 -2.07944 -7.10587
35 4.375 0.000145789 -2.07944 -8.83335
36 4.5 0.000424013 -2.07944 -7.76575
37 4.625 0.000895287 -2.07944 -7.01837
38 4.75 0.00127577 -2.07944 -6.6642
39 4.875 0.00157417 -2.07944 -6.45403
40 5 0.00179962 -2.07944 -6.32018
41 5.125 0.00196127 -2.07944 -6.23416
42 5.25 0.00206799 -2.07944 -6.18118
43 5.375 0.00212816 -2.07944 -6.1525
44 5.5 0.0021495 -2.07944 -6.14252
45 5.625 0.00213899 -2.07944 -6.14742
46 5.75 0.00210288 -2.07944 -6.16445
47 5.875 0.00204662 -2.07944 -6.19157
48 6 0.00197496 -2.07944 -6.22721
49 6.125 0.00189195 -2.07944 -6.27015
50 6.25 0.00180103 -2.07944 -6.31939
51 6.375 0.00170506 -2.07944 -6.37415
52 6.5 0.0016064 -2.07944 -6.43376
53 6.625 0.00150696 -2.07944 -6.49766
54 6.75 0.00140827 -2.07944 -6.5654
55 6.875 0.00131153 -2.07944 -6.63656
56 7 0.00121767 -2.07944 -6.71081
57 7.125 0.00112738 -2.07944 -6.78786
58 7.25 0.00104113 -2.07944 -6.86745
59 7.375 0.000959265 -2.07944 -6.94934
60 7.5 0.000881969 -2.07944 -7.03335
61 7.625 0.000809329 -2.07944 -7.1193
62 7.75 0.000741348 -2.07944 -7.20704
63 7.875 0.000677961 -2.07944 -7.29642
64 8 0.00061905 -2.07944 -7.38733
65 8.125 0.00056446 -2.07944 -7.47964
66 8.25 0.000514009 -2.07944 -7.57327
67 8.375 0.000467496 -2.07944 -7.66812
68 8.5 0.000424706 -2.07944 -7.76411
69 8.625 0.000385422 -2.07944 -7.86117
70 8.75 0.000349421 -2.07944 -7.95923
71 8.875 0.000316486 -2.07944 -8.05823
72 9 0.000286402 -2.07944 -8.15811
73 9.125 0.000258962 -2.07944 -8.25883
74 9.25 0.000233968 -2.07944 -8.36033
75 9.375 0.000211229 -2.07944 -8.46257
76 9.5 0.000190566 -2.07944 -8.56551
77 9.625 0.00017181 -2.07944 -8.66912
78 9.75 0.000154803 -2.07944 -8.77336
79 9.875 0.000139395 -2.07944 -8.8782
80 10 0.000125449 -2.07944 -8.98361
