0 0 0 -1.38629 -1.#INF
1 0.25 0.00235631 -1.38629 -6.05066
2 0.5 0.00545466 -1.38629 -5.21128
3 0.75 0.00929038 -1.38629 -4.67878
4 1 0.0137488 -1.38629 -4.28681
5 1.25 0.0185727 -1.38629 -3.98606
6 1.5 0.0233529 -1.38629 -3.75703
7 1.75 0.027559 -1.38629 -3.59143
8 2 0.0306204 -1.38629 -3.48609
9 2.25 0.0320489 -1.38629 -3.44049
10 2.5 0.0315678 -1.38629 -3.45562
11 2.75 0.0292005 -1.38629 -3.53357
12 3 0.0252758 -1.38629 -3.67791
13 3.25 0.0203458 -1.38629 -3.89488
14 3.5 0.015046 -1.38629 -4.19664
15 3.75 0.00995344 -1.38629 -4.60984
16 4 0.00548877 -1.38629 -5.20505
17 4.25 0.00188192 -1.38629 -6.27546
18 4.5 0.000808774 -1.38629 -7.11999
19 4.75 0.002648 -1.38629 -5.93395
20 5 0.00376942 -1.38629 -5.58083
21 5.25 0.00433106 -1.38629 -5.44194
22 5.5 0.00448556 -1.38629 -5.40689
23 5.75 0.00436433 -1.38629 -5.43429
24 6 0.00407183 -1.38629 -5.50366
25 6.25 0.00368603 -1.38629 -5.60321
26 6.5 0.00326196 -1.38629 -5.72543
27 6.75 0.00283632 -1.38629 -5.86525
28 7 0.00243194 -1.38629 -6.01906
29 7.25 0.00206169 -1.38629 -6.18423
30 7.5 0.00173154 -1.38629 -6.35874
31 7.75 0.00144294 -1.38629 -6.54107
32 8 0.00119454 -1.38629 -6.73
33 8.25 0.000983333 -1.38629 -6.92456
34 8.5 0.000805546 -1.38629 -7.12399
35 8.75 0.000657118 -1.38629 -7.32765
36 9 0.000534057 -1.38629 -7.53501
37 9.25 0.000432625 -1.38629 -7.74564
38 9.5 0.000349442 -1.38629 -7.95917
39 9.75 0.000281523 -1.38629 -8.1753
40 10 0.000226277 -1.38629 -8.39375
