0 0 0 -0.693147 -1.#INF
1 0.5 0.0098281 -0.693147 -4.62251
2 1 0.0249818 -0.693147 -3.68961
3 1.5 0.0433685 -0.693147 -3.13802
4 2 0.0590417 -0.693147 -2.82951
5 2.5 0.0641619 -0.693147 -2.74635
6 3 0.0546689 -0.693147 -2.90646
7 3.5 0.0346371 -0.693147 -3.36283
8 4 0.0134893 -0.693147 -4.30586
9 4.5 0.00137897 -0.693147 -6.58642
10 5 0.00841077 -0.693147 -4.77824
11 5.5 0.00990535 -0.693147 -4.61468
12 6 0.00870964 -0.693147 -4.74332
13 6.5 0.00670819 -0.693147 -5.00443
14 7 0.00479701 -0.693147 -5.33976
15 7.5 0.00327596 -0.693147 -5.72115
16 8 0.0021701 -0.693147 -6.13298
17 8.5 0.00140753 -0.693147 -6.56592
18 9 0.000899196 -0.693147 -7.01401
19 9.5 0.000568061 -0.693147 -7.47328
20 10 0.000355851 -0.693147 -7.941
