11

     I    X         U         Uexact    Error

     1  0.000000  0.000000  0.000000  0.000000e+000
     2  0.100000  0.054243  0.054207  3.629681e-005
     3  0.200000  0.272742  0.272517  2.248954e-004
     4  0.300000  0.559601  0.559123  4.784696e-004
     5  0.400000  0.796455  0.795765  6.894231e-004
     6  0.500000  0.887590  0.886819  7.708070e-004
     7  0.600000  0.796455  0.795765  6.894231e-004
     8  0.700000  0.559601  0.559123  4.784696e-004
     9  0.800000  0.272742  0.272517  2.248954e-004
    10  0.900000  0.054243  0.054207  3.629681e-005
    11  1.000000  0.000000  0.000000  0.000000e+000

  l1 norm of error  = 0.000329907
  L2 norm of error  = 0.0113394
  Seminorm of error = 0.775864

21
     I    X         U         Uexact    Error

     1  0.000000  0.000000  0.000000  0.000000e+000
     2  0.050000  0.002605  0.002607  1.370032e-006
     3  0.100000  0.054215  0.054207  7.744499e-006
     4  0.150000  0.147827  0.147801  2.586604e-005
     5  0.200000  0.272568  0.272517  5.070994e-005
     6  0.250000  0.414756  0.414677  7.940596e-005
     7  0.300000  0.559232  0.559123  1.087773e-004
     8  0.350000  0.690843  0.690707  1.356502e-004
     9  0.400000  0.795922  0.795765  1.571629e-004
    10  0.450000  0.863627  0.863456  1.710452e-004
    11  0.500000  0.886995  0.886819  1.758401e-004
    12  0.550000  0.863627  0.863456  1.710452e-004
    13  0.600000  0.795922  0.795765  1.571629e-004
    14  0.650000  0.690843  0.690707  1.356502e-004
    15  0.700000  0.559232  0.559123  1.087773e-004
    16  0.750000  0.414756  0.414677  7.940596e-005
    17  0.800000  0.272568  0.272517  5.070994e-005
    18  0.850000  0.147827  0.147801  2.586604e-005
    19  0.900000  0.054215  0.054207  7.744499e-006
    20  0.950000  0.002605  0.002607  1.370032e-006
    21  1.000000  0.000000  0.000000  0.000000e+000
	
	  l1 norm of error  = 7.86335e-005
  L2 norm of error  = 0.00285744
  Seminorm of error = 0.693787
  
  31
  
       I    X         U         Uexact    Error

     1  0.000000  0.000000  0.000000  0.000000e+000
     2  0.033333  -0.003926  -0.003925  9.491195e-007
     3  0.066667  0.014620  0.014620  2.066230e-007
     4  0.100000  0.054210  0.054207  3.334706e-006
     5  0.133333  0.112547  0.112538  8.223091e-006
     6  0.166667  0.186559  0.186544  1.458934e-005
     7  0.200000  0.272540  0.272517  2.209285e-005
     8  0.233333  0.366304  0.366273  3.034958e-005
     9  0.266667  0.463373  0.463334  3.894879e-005
    10  0.300000  0.559170  0.559123  4.747083e-005
    11  0.333333  0.649220  0.649164  5.550545e-005
    12  0.366667  0.729341  0.729279  6.266964e-005
    13  0.400000  0.795834  0.795765  6.862430e-005
    14  0.433333  0.845636  0.845563  7.308901e-005
    15  0.466667  0.876461  0.876385  7.585428e-005
    16  0.500000  0.886896  0.886819  7.679063e-005
    17  0.533333  0.876461  0.876385  7.585428e-005
    18  0.566667  0.845636  0.845563  7.308901e-005
    19  0.600000  0.795834  0.795765  6.862430e-005
    20  0.633333  0.729341  0.729279  6.266964e-005
    21  0.666667  0.649220  0.649164  5.550545e-005
    22  0.700000  0.559170  0.559123  4.747083e-005
    23  0.733333  0.463373  0.463334  3.894879e-005
    24  0.766667  0.366304  0.366273  3.034958e-005
    25  0.800000  0.272540  0.272517  2.209285e-005
    26  0.833333  0.186559  0.186544  1.458934e-005
    27  0.866667  0.112547  0.112538  8.223091e-006
    28  0.900000  0.054210  0.054207  3.334706e-006
    29  0.933333  0.014620  0.014620  2.066230e-007
    30  0.966667  -0.003926  -0.003925  9.491195e-007
    31  1.000000  0.000000  0.000000  0.000000e+000

  l1 norm of error  = 3.48583e-005
  L2 norm of error  = 0.00127185
  Seminorm of error = 0.677335