11

    0.000000  0.000000  0.000000  
    0.100000  0.181727  0.181818  
    0.200000  0.333199  0.333333  
    0.300000  0.461389  0.461538  
    0.400000  0.571281  0.571429  
    0.500000  0.666533  0.666667  
    0.600000  0.749887  0.750000  
    0.700000  0.823441  0.823529  
    0.800000  0.888829  0.888889  
    0.900000  0.947338  0.947368  
    1.000000  1.000000  1.000000  

  l1 norm of error  = 8.63138e-005
  L2 norm of error  = 0.00154792
  Seminorm of error = 0.0505678
  
21

    0.000000  0.000000  0.000000  
    0.050000  0.095225  0.095238  
    0.100000  0.181795  0.181818  
    0.150000  0.260840  0.260870  
    0.200000  0.333299  0.333333  
    0.250000  0.399964  0.400000  
    0.300000  0.461501  0.461538  
    0.350000  0.518481  0.518519  
    0.400000  0.571391  0.571429  
    0.450000  0.620654  0.620690  
    0.500000  0.666633  0.666667  
    0.550000  0.709646  0.709677  
    0.600000  0.749971  0.750000  
    0.650000  0.787853  0.787879  
    0.700000  0.823507  0.823529  
    0.750000  0.857124  0.857143  
    0.800000  0.888874  0.888889  
    0.850000  0.918907  0.918919  
    0.900000  0.947361  0.947368  
    0.950000  0.974355  0.974359  
    1.000000  1.000000  1.000000  

  l1 norm of error  = 2.29767e-005
  L2 norm of error  = 0.000388361
  Seminorm of error = 0.0253806
  
 31
    0.000000  0.000000  0.000000  
    0.033333  0.064512  0.064516  
    0.066667  0.124992  0.125000  
    0.100000  0.181808  0.181818  
    0.133333  0.235282  0.235294  
    0.166667  0.285700  0.285714  
    0.200000  0.333318  0.333333  
    0.233333  0.378362  0.378378  
    0.266667  0.421036  0.421053  
    0.300000  0.461522  0.461538  
    0.333333  0.499983  0.500000  
    0.366667  0.536569  0.536585  
    0.400000  0.571412  0.571429  
    0.433333  0.604635  0.604651  
    0.466667  0.636348  0.636364  
    0.500000  0.666652  0.666667  
    0.533333  0.695638  0.695652  
    0.566667  0.723391  0.723404  
    0.600000  0.749987  0.750000  
    0.633333  0.775498  0.775510  
    0.666667  0.799989  0.800000  
    0.700000  0.823520  0.823529  
    0.733333  0.846145  0.846154  
    0.766667  0.867917  0.867925  
    0.800000  0.888882  0.888889  
    0.833333  0.909085  0.909091  
    0.866667  0.928567  0.928571  
    0.900000  0.947365  0.947368  
    0.933333  0.965515  0.965517  
    0.966667  0.983050  0.983051  
    1.000000  1.000000  1.000000  

  l1 norm of error  = 1.0408e-005
  L2 norm of error  = 0.00017272
  Seminorm of error = 0.0169325 