0 0 0 -3.46574 -1.#INF
1 0.03125 3.53666e-005 -3.46574 -10.2497
2 0.0625 7.22401e-005 -3.46574 -9.53552
3 0.09375 0.000110641 -3.46574 -9.10922
4 0.125 0.000150587 -3.46574 -8.80097
5 0.15625 0.000192095 -3.46574 -8.55752
6 0.1875 0.000235178 -3.46574 -8.35517
7 0.21875 0.000279849 -3.46574 -8.18126
8 0.25 0.000326116 -3.46574 -8.02826
9 0.28125 0.000373987 -3.46574 -7.89129
10 0.3125 0.000423463 -3.46574 -7.76704
11 0.34375 0.000474546 -3.46574 -7.65315
12 0.375 0.000527232 -3.46574 -7.54787
13 0.40625 0.000581515 -3.46574 -7.44987
14 0.4375 0.000637385 -3.46574 -7.35814
15 0.46875 0.000694828 -3.46574 -7.27185
16 0.5 0.000753826 -3.46574 -7.19035
17 0.53125 0.000814356 -3.46574 -7.11311
18 0.5625 0.000876393 -3.46574 -7.0397
19 0.59375 0.000939905 -3.46574 -6.96973
20 0.625 0.00100486 -3.46574 -6.90291
21 0.65625 0.00107121 -3.46574 -6.83897
22 0.6875 0.00113891 -3.46574 -6.77768
23 0.71875 0.00120792 -3.46574 -6.71886
24 0.75 0.00127818 -3.46574 -6.66232
25 0.78125 0.00134962 -3.46574 -6.60793
26 0.8125 0.00142219 -3.46574 -6.55556
27 0.84375 0.0014958 -3.46574 -6.50509
28 0.875 0.00157039 -3.46574 -6.45643
29 0.90625 0.00164587 -3.46574 -6.40949
30 0.9375 0.00172215 -3.46574 -6.36418
31 0.96875 0.00179914 -3.46574 -6.32044
32 1 0.00187675 -3.46574 -6.27821
