0 0 0 -2.77259 -1.#INF
1 0.0625 0.000142305 -2.77259 -8.85754
2 0.125 0.000296628 -2.77259 -8.12303
3 0.1875 0.00046325 -2.77259 -7.67724
4 0.25 0.000642386 -2.77259 -7.35032
5 0.3125 0.00083417 -2.77259 -7.08907
6 0.375 0.00103865 -2.77259 -6.86983
7 0.4375 0.00125577 -2.77259 -6.68001
8 0.5 0.00148536 -2.77259 -6.5121
9 0.5625 0.00172713 -2.77259 -6.36129
10 0.625 0.00198066 -2.77259 -6.22432
11 0.6875 0.00224538 -2.77259 -6.09888
12 0.75 0.00252058 -2.77259 -5.98327
13 0.8125 0.00280535 -2.77259 -5.87623
14 0.875 0.00309868 -2.77259 -5.77678
15 0.9375 0.00339933 -2.77259 -5.68418
16 1 0.00370592 -2.77259 -5.59782
